10
1 1
388
464
4 10
4 8 5 3
5 12 8 1
5 10
2 5 7 3 1 
10 20 15 7 5
1000 100000
736 212 842 145 400 668 674 114 930 4 453 785 475 304 99 410 554 575 17 758 880 838 901 460 534 271 376 397 984 982 28 191 801 452 283 288 45 633 481 456 974 933 168 681 375 174 957 497 769 867 711 828 208 211 2 271 242 945 510 391 996 857 617 199 892 837 34 199 924 847 187 962 187 761 384 252 669 572 620 773 333 549 62 671 553 210 344 485 703 66 108 95 102 461 494 160 23 61 552 985 835 63 174 483 958 305 991 937 79 722 886 24 280 273 464 666 564 97 358 86 931 106 161 163 724 534 770 147 716 650 659 397 451 699 755 254 587 758 525 295 661 799 802 145 563 465 807 74 268 899 823 274 866 250 627 850 922 92 132 556 985 563 677 387 962 722 501 301 28 232 538 737 993 189 337 907 666 790 246 437 240 993 990 103 88 478 254 475 485 471 80 889 502 323 673 419 489 451 907 252 811 739 738 691 408 70 757 10 721 726 548 99 633 766 147 701 403 903 115 579 14 175 664 409 978 593 132 689 777 49 410 769 38 694 431 481 564 836 149 425 385 691 715 328 184 2 413 107 806 335 777 161 841 846 253 174 593 520 90 28 71 132 581 594 972 23 557 369 704 40 362 253 926 580 100 640 421 339 785 868 506 545 595 640 402 239 545 973 288 57 359 987 813 761 92 310 128 441 646 820 59 975 234 523 392 49 163 347 197 411 276 585 641 784 407 245 147 437 844 859 879 173 26 859 702 100 280 534 513 835 313 313 341 656 156 971 304 792 382 237 810 308 149 314 569 533 410 576 744 351 982 272 30 133 135 990 631 435 858 844 185 623 35 88 72 102 364 520 212 881 997 55 779 877 975 355 702 329 783 594 851 653 352 329 676 777 834 238 851 382 694 207 986 895 537 950 241 657 976 905 48 474 134 578 498 873 544 962 54 853 378 7 604 584 151 481 797 849 407 32 857 49 768 168 905 584 500 197 588 566 222 526 342 627 689 478 607 913 302 303 99 302 277 178 921 105 19 844 888 238 177 544 730 979 148 394 419 61 761 5 480 97 214 46 55 738 184 104 372 406 416 908 907 125 505 764 233 141 530 424 843 57 393 963 292 764 747 304 469 659 627 234 349 569 362 564 145 12 899 917 938 438 959 277 168 24 838 200 348 450 77 246 409 861 704 411 457 106 797 668 525 298 561 599 785 617 488 837 39 138 488 637 22 622 880 831 561 953 393 402 954 245 822 399 51 796 974 22 524 103 597 209 254 550 835 764 176 357 361 282 469 755 318 995 327 644 758 525 625 441 763 990 574 928 825 642 717 403 471 921 355 583 240 939 333 796 329 805 857 274 267 971 194 562 274 8 419 141 758 368 661 1 927 222 709 268 408 712 776 48 447 637 221 971 78 246 84 366 532 618 240 804 627 363 644 638 713 825 382 673 286 471 456 92 300 189 458 395 622 744 593 888 529 103 342 244 834 850 653 32 957 433 411 555 778 115 976 484 836 229 156 955 896 797 190 384 697 154 777 90 432 331 522 257 740 290 410 245 575 908 70 383 325 478 108 971 745 485 14 63 356 938 644 334 97 582 706 790 703 272 54 939 607 2 527 826 451 739 61 966 322 1 907 94 429 401 47 31 395 901 844 396 340 15 652 595 332 746 306 638 373 857 568 126 558 215 565 41 727 871 236 409 493 392 286 514 573 532 65 552 470 46 378 428 385 664 302 830 883 345 644 981 936 202 103 164 125 505 693 565 758 566 204 226 454 138 968 511 43 91 919 698 21 483 468 81 290 38 739 343 814 989 364 810 474 981 903 261 463 984 431 287 604 273 660 449 788 307 836 972 537 165 373 663 406 736 129 24 171 169 937 696 447 507 160 454 290 906 644 973 810 116 990 802 599 919 955 755 739 891 565 226 270 283 60 279 98 262 470 392 14 281 382 836 780 787 106 282 933 112 420 856 105 67 793 666 720 19 930 370 138 831 621 925 102 593 635 270 778 3 847 72 519 124 682 482 269 185 70 832 170 646 130 309 247 617 662 745 832 674 358 232 114 615 648 149 59 469 390 906 348 811 987 160 385 553 723 45 685 781 580 174 931 836 476 375 373 324 439 165 84 697 51 748 448 305 792 719 322 792 533 867 113 205 655 63 18 443 121 170 180 448 815 447 311 373 968 260 786 751 753 676 91 366 273 263 631 558 821 129 706 636 573 261 786 862 172 290 642 552 248 800 348 134 296 63 728 297 824 220 255 711 594 167 943 857 470 553 543 108
486 346 141 295 427 382 746 447 532 648 252 51 345 498 494 74 935 713 308 560 588 79 751 561 104 120 773 191 579 651 638 154 568 355 503 605 788 194 473 806 663 669 112 32 664 143 913 398 46 650 159 749 346 209 506 273 444 437 499 3 467 426 199 480 682 190 903 603 663 449 639 43 478 964 467 477 924 350 871 607 935 750 627 814 963 503 666 505 737 43 612 39 252 603 633 262 973 270 316 884 122 804 115 632 346 637 69 149 359 824 290 820 750 417 144 491 222 359 685 958 58 351 101 149 977 599 834 737 756 262 910 166 619 808 551 400 822 87 596 571 72 88 853 563 139 262 25 183 356 949 101 749 353 482 603 736 326 652 969 552 354 540 502 830 653 986 381 507 447 394 41 328 462 82 19 370 9 576 659 244 709 511 646 394 788 808 230 982 166 57 363 625 1 980 69 389 941 596 414 876 798 330 183 959 332 266 214 365 370 586 441 273 90 401 71 709 604 870 290 389 149 779 362 857 936 198 771 869 790 176 846 872 141 319 721 312 722 278 330 743 381 302 254 400 38 109 703 826 385 596 612 878 409 661 549 222 47 421 387 348 136 291 588 681 513 244 18 874 909 82 946 636 744 322 21 848 752 847 229 217 943 434 721 421 188 740 693 330 760 114 572 373 253 317 267 889 859 986 621 679 486 545 755 264 172 561 601 16 232 452 849 363 334 922 569 845 606 227 603 408 356 958 665 805 983 359 195 102 876 488 966 943 923 173 947 906 598 881 131 880 435 463 38 640 676 621 175 440 109 676 86 211 658 15 660 819 758 687 474 770 116 989 740 874 416 100 62 497 492 452 926 595 320 566 741 824 564 964 711 823 627 879 82 453 28 84 124 121 112 473 70 199 813 500 763 740 264 434 106 726 744 647 494 3 401 109 370 387 165 7 749 881 178 439 812 167 926 270 751 22 491 820 493 154 447 134 3 218 969 151 570 720 827 390 148 33 17 750 528 319 826 772 627 672 535 925 897 846 887 232 497 371 687 117 873 270 70 638 363 868 929 800 814 117 775 70 919 42 300 588 965 577 864 520 872 941 995 113 185 885 337 453 147 643 606 428 394 809 790 958 417 724 539 466 291 472 582 589 899 328 373 84 304 252 615 578 14 587 858 986 586 460 50 218 464 447 82 531 204 684 416 664 306 801 926 228 803 939 79 266 613 899 203 885 18 35 935 731 65 174 292 416 73 640 940 540 774 545 293 631 904 237 684 775 545 909 612 659 557 820 147 849 598 493 199 709 149 621 854 635 943 28 420 398 691 190 298 944 145 125 931 982 990 74 813 881 773 951 874 20 147 780 396 751 542 178 296 782 626 830 432 815 576 829 316 916 949 416 218 446 320 476 747 937 239 252 734 327 473 795 228 535 645 878 696 672 79 913 907 527 17 51 259 405 551 863 100 612 785 632 727 6 985 586 407 186 653 171 996 772 799 288 763 536 853 782 607 258 519 503 730 749 57 984 150 912 802 506 706 685 339 242 703 131 927 220 932 181 501 505 758 702 423 997 798 657 448 524 709 828 250 174 760 424 636 452 260 248 784 42 326 176 642 290 749 934 120 98 964 430 956 307 387 466 634 985 22 792 498 637 738 706 578 814 121 321 983 552 453 172 944 81 944 955 269 983 694 639 477 107 817 892 805 305 941 229 461 763 763 361 367 265 320 401 621 995 901 571 76 237 285 14 151 291 471 363 548 248 811 274 386 190 613 108 435 753 557 918 676 88 953 811 721 151 701 114 936 271 42 183 714 824 194 627 13 434 805 361 218 844 492 369 868 82 672 974 254 254 452 422 886 919 105 58 438 867 275 680 604 938 440 287 468 598 6 78 184 881 649 981 777 247 610 571 912 105 201 813 774 252 564 521 458 278 314 458 710 681 806 328 205 23 953 137 756 925 409 361 327 369 762 644 183 285 104 576 117 770 981 508 760 581 618 301 283 666 944 545 697 8 906 469 639 156 666 981 406 355 210 219 572 337 614 329 447 410 137 534 962 864 193 835 891 869 186 272 873 319 813 506 154 269 983 960 613 828 512 899 675 205 669 828 118 423 691 250 423 473 300 294 904 271 963 336 180 377 299 161 265 832 316 335 229 371 791 577 303 92 384 821 349 31 53 409 346 495 841 102 604 720 286 239 581 509 179 794 347 237 222 443 466 173 674 719 545 98 695 707 40 155 466 691 888 40 187 686 114 204 835 346 558 849 297 570 592 758 339 333 841 220
1000 100000
33 709 850 724 326 312 200 538 670 176 142 961 44 266 295 605 5 827 110 707 565 239 997 917 283 165 574 83 266 516 936 503 373 157 824 434 597 887 435 212 787 984 821 21 516 689 216 906 896 652 389 715 401 565 330 12 468 861 188 307 193 589 982 34 623 384 126 633 665 762 463 998 134 445 820 371 764 299 365 95 603 980 236 951 293 813 465 35 101 916 245 534 956 280 134 997 657 530 356 403 834 390 969 396 915 689 636 236 743 831 806 1 567 818 708 115 455 617 445 242 960 350 918 405 407 853 824 897 466 886 414 801 387 395 964 953 532 320 548 399 334 394 202 29 139 812 365 19 656 572 346 350 239 853 109 467 851 49 624 352 858 676 854 841 19 16 486 139 145 769 379 840 295 613 938 41 202 596 156 179 621 555 115 814 648 648 460 649 593 812 926 803 78 356 885 877 976 280 141 672 391 313 846 434 225 673 674 298 390 880 36 814 6 186 545 338 503 573 173 688 457 367 926 530 360 15 545 470 61 718 665 877 399 721 49 28 223 846 609 657 488 728 651 941 40 160 673 93 351 109 224 263 37 839 711 439 232 380 466 961 718 239 327 529 782 487 680 744 756 275 701 530 814 579 721 30 381 876 263 628 9 150 68 902 88 148 268 448 346 363 473 389 983 195 437 554 345 283 737 747 745 43 163 456 589 546 477 732 828 34 270 669 148 233 653 292 306 315 28 709 859 39 349 290 501 521 688 767 72 855 777 422 392 941 713 935 954 243 302 89 914 918 528 853 141 826 809 695 455 832 313 387 839 11 731 383 834 773 797 671 66 119 38 406 843 361 21 98 540 21 700 820 451 316 444 115 906 715 24 121 948 477 676 633 672 897 653 535 5 427 248 331 658 3 326 705 55 339 960 465 428 29 432 328 455 94 613 435 573 331 560 902 495 936 257 757 928 17 55 967 626 583 253 657 921 410 786 932 727 494 615 174 719 193 553 588 325 544 422 103 982 399 876 445 407 146 152 1 926 932 707 357 717 540 918 740 406 911 168 84 308 865 523 319 168 403 573 843 395 222 420 934 28 451 364 88 356 578 794 44 837 419 943 887 765 459 19 89 594 763 263 377 559 589 395 191 553 253 605 23 815 798 319 859 156 574 34 70 860 433 603 600 88 423 419 431 856 915 549 519 50 446 564 376 215 852 3 383 613 438 734 458 156 689 105 724 842 508 83 382 715 255 813 998 599 812 492 653 398 351 536 832 334 753 438 788 360 81 840 434 523 44 677 738 111 866 142 30 238 321 946 851 649 789 877 602 381 630 601 193 272 489 71 966 236 995 801 366 776 961 846 79 668 423 569 128 252 724 830 310 484 327 831 932 711 660 561 599 786 69 198 931 860 892 934 79 774 279 271 894 894 187 250 266 390 296 637 848 204 842 696 626 103 887 148 739 41 560 942 955 2 777 721 121 270 338 492 666 464 160 18 128 27 368 818 370 431 20 621 926 454 867 11 819 827 664 966 15 625 58 870 749 414 60 558 966 592 261 82 169 54 636 500 750 746 268 30 619 326 78 891 499 655 571 645 935 965 494 968 777 946 80 439 611 628 127 428 470 105 833 991 587 429 291 47 890 373 72 543 513 774 845 700 256 681 400 418 16 171 230 863 602 366 405 710 829 954 591 263 776 626 192 139 261 540 147 957 684 370 975 455 262 757 236 369 101 44 604 328 727 214 216 904 110 899 967 937 61 816 795 211 534 34 959 941 288 490 509 164 870 668 745 552 255 446 141 694 570 508 162 264 228 571 484 10 698 570 937 539 942 352 203 989 575 648 152 54 996 873 783 547 213 233 263 797 296 391 307 177 940 729 18 793 759 352 617 446 871 621 661 157 769 867 281 518 468 330 37 435 778 345 550 493 77 616 934 633 449 104 200 240 732 699 743 293 363 385 990 892 503 538 2 557 327 329 319 504 507 489 435 518 290 451 443 745 721 80 670 517 824 342 861 281 897 155 840 99 559 222 40 930 706 510 987 30 448 330 915 523 753 610 1 290 68 832 173 978 220 667 997 924 68 692 344 374 656 720 127 240 458 679 632 711 901 650 280 460 380 128 106 664 751 869 298 238 871 843 974 406 771 648 427 913 503 682 134 122 992 504 358 787 342 240 536 226 813 46 385 981 426 230 932 334 618 11 698 198 480 730 750 477 395 814 204 193 934 913 395 454 928 431 255 964 42 42 773 498 853 607 540 736 460 870 351 611 530 474 264 768 777
805 231 946 765 349 576 267 857 746 147 138 634 383 643 895 355 932 273 247 563 905 974 550 669 389 213 897 581 902 373 196 464 109 65 216 602 540 479 790 890 45 169 582 744 984 54 611 752 22 256 74 322 746 150 112 698 56 413 549 328 822 154 593 544 73 678 322 990 948 868 950 415 280 563 344 740 556 439 199 288 992 157 675 6 151 616 461 864 177 762 240 313 640 854 641 891 895 88 984 445 454 758 263 314 9 995 271 192 159 825 293 43 602 492 672 327 640 593 826 382 7 711 265 40 516 817 49 316 609 849 424 521 424 823 522 868 132 700 162 146 53 626 851 525 473 500 250 440 446 602 550 179 882 490 916 527 120 667 152 582 533 273 62 955 980 671 512 28 114 221 556 990 61 462 822 728 616 537 75 321 783 35 457 548 601 458 348 856 479 13 624 344 866 271 133 197 347 68 687 833 380 591 652 330 645 468 944 690 781 100 279 137 393 989 310 1 967 237 990 997 177 2 948 293 470 844 264 947 457 666 898 634 490 399 665 393 855 849 918 502 531 414 455 534 578 132 420 692 957 994 521 159 166 364 795 954 133 519 767 61 287 731 394 840 413 250 717 347 629 348 472 379 264 858 660 506 62 653 964 491 461 139 593 897 288 721 108 773 393 726 132 877 211 274 510 452 500 518 593 391 740 407 182 928 32 401 62 720 852 327 512 626 429 84 489 810 290 551 156 25 701 24 860 596 217 589 682 72 240 673 180 796 832 828 850 122 269 372 544 43 940 276 543 261 813 18 54 788 135 65 119 781 568 472 717 171 333 889 48 150 259 322 729 23 911 73 652 924 109 510 706 501 892 379 100 454 378 545 106 705 847 171 756 776 851 575 269 451 269 372 888 856 972 87 195 856 592 571 571 323 877 450 523 53 788 716 330 697 583 51 667 974 355 815 638 16 592 422 67 606 384 404 556 84 992 173 266 834 490 963 315 1 549 373 707 127 747 477 219 827 647 95 8 417 354 997 465 463 178 921 830 900 874 302 795 133 492 838 437 938 335 59 473 846 981 634 279 865 111 430 467 181 626 984 185 471 616 246 278 631 932 905 826 684 894 322 657 706 172 72 942 273 497 179 138 415 966 442 175 227 219 689 371 401 80 851 879 851 526 459 849 860 927 357 100 590 418 297 543 386 733 845 745 904 222 445 961 517 697 764 283 970 931 201 801 879 317 459 708 931 540 386 764 182 138 25 524 356 539 154 408 484 905 151 620 601 272 231 67 622 507 750 470 440 249 875 800 132 982 801 715 392 682 579 363 963 928 447 280 29 730 889 93 765 70 474 575 716 478 517 496 34 64 74 154 309 960 670 585 473 482 220 229 626 913 943 95 29 513 603 480 753 967 364 141 821 286 241 393 480 388 881 755 446 616 571 783 643 976 91 177 608 274 460 32 463 579 339 910 678 178 101 983 223 773 914 415 121 170 455 193 626 94 634 646 393 809 77 563 467 213 62 31 260 888 81 54 771 34 327 694 102 69 445 463 822 599 26 71 762 20 228 134 4 470 147 281 649 775 965 599 593 450 634 359 160 885 906 938 930 653 723 481 654 771 913 761 235 626 723 418 161 482 122 612 85 380 212 251 817 219 326 728 430 162 849 248 592 2 474 580 234 285 645 866 876 299 757 450 340 89 305 307 705 210 286 628 117 64 685 954 357 536 974 474 279 526 735 791 713 406 1000 164 475 424 581 311 813 111 30 943 643 586 834 627 941 572 639 781 596 513 926 957 2 303 932 297 868 22 257 824 882 349 970 118 116 862 207 412 257 934 489 262 858 393 974 615 581 601 277 711 633 954 118 396 151 793 152 979 879 86 109 682 495 153 576 859 149 304 209 499 853 595 606 42 80 954 459 262 438 961 294 429 665 181 476 876 57 423 768 192 701 658 228 591 69 709 55 57 96 997 464 377 276 203 729 172 379 270 451 589 793 739 765 133 245 416 739 465 202 499 982 151 23 940 475 899 318 598 727 947 643 478 889 957 575 418 545 904 998 960 226 940 262 949 187 921 761 892 393 195 517 453 87 797 603 909 849 312 200 456 924 592 673 567 847 276 372 319 504 983 609 817 68 547 553 910 405 844 372 232 277 134 297 982 310 499 501 902 857 116 613 341 780 704 234 90 186 226 430 455 757 694 671 712 802 832 81 757 410 763 896 483 213 697 948 140 641 831 891 793 858 909 671 989 557 52 880 391 503 857 19 709 271 303 427 946 126 861 866
1000 1000
1 1 1 1 1 1 1 1 1 1 1 1 1 1 1 1 1 1 1 1 1 1 1 1 1 1 1 1 1 1 1 1 1 1 1 1 1 1 1 1 1 1 1 1 1 1 1 1 1 1 1 1 1 1 1 1 1 1 1 1 1 1 1 1 1 1 1 1 1 1 1 1 1 1 1 1 1 1 1 1 1 1 1 1 1 1 1 1 1 1 1 1 1 1 1 1 1 1 1 1 1 1 1 1 1 1 1 1 1 1 1 1 1 1 1 1 1 1 1 1 1 1 1 1 1 1 1 1 1 1 1 1 1 1 1 1 1 1 1 1 1 1 1 1 1 1 1 1 1 1 1 1 1 1 1 1 1 1 1 1 1 1 1 1 1 1 1 1 1 1 1 1 1 1 1 1 1 1 1 1 1 1 1 1 1 1 1 1 1 1 1 1 1 1 1 1 1 1 1 1 1 1 1 1 1 1 1 1 1 1 1 1 1 1 1 1 1 1 1 1 1 1 1 1 1 1 1 1 1 1 1 1 1 1 1 1 1 1 1 1 1 1 1 1 1 1 1 1 1 1 1 1 1 1 1 1 1 1 1 1 1 1 1 1 1 1 1 1 1 1 1 1 1 1 1 1 1 1 1 1 1 1 1 1 1 1 1 1 1 1 1 1 1 1 1 1 1 1 1 1 1 1 1 1 1 1 1 1 1 1 1 1 1 1 1 1 1 1 1 1 1 1 1 1 1 1 1 1 1 1 1 1 1 1 1 1 1 1 1 1 1 1 1 1 1 1 1 1 1 1 1 1 1 1 1 1 1 1 1 1 1 1 1 1 1 1 1 1 1 1 1 1 1 1 1 1 1 1 1 1 1 1 1 1 1 1 1 1 1 1 1 1 1 1 1 1 1 1 1 1 1 1 1 1 1 1 1 1 1 1 1 1 1 1 1 1 1 1 1 1 1 1 1 1 1 1 1 1 1 1 1 1 1 1 1 1 1 1 1 1 1 1 1 1 1 1 1 1 1 1 1 1 1 1 1 1 1 1 1 1 1 1 1 1 1 1 1 1 1 1 1 1 1 1 1 1 1 1 1 1 1 1 1 1 1 1 1 1 1 1 1 1 1 1 1 1 1 1 1 1 1 1 1 1 1 1 1 1 1 1 1 1 1 1 1 1 1 1 1 1 1 1 1 1 1 1 1 1 1 1 1 1 1 1 1 1 1 1 1 1 1 1 1 1 1 1 1 1 1 1 1 1 1 1 1 1 1 1 1 1 1 1 1 1 1 1 1 1 1 1 1 1 1 1 1 1 1 1 1 1 1 1 1 1 1 1 1 1 1 1 1 1 1 1 1 1 1 1 1 1 1 1 1 1 1 1 1 1 1 1 1 1 1 1 1 1 1 1 1 1 1 1 1 1 1 1 1 1 1 1 1 1 1 1 1 1 1 1 1 1 1 1 1 1 1 1 1 1 1 1 1 1 1 1 1 1 1 1 1 1 1 1 1 1 1 1 1 1 1 1 1 1 1 1 1 1 1 1 1 1 1 1 1 1 1 1 1 1 1 1 1 1 1 1 1 1 1 1 1 1 1 1 1 1 1 1 1 1 1 1 1 1 1 1 1 1 1 1 1 1 1 1 1 1 1 1 1 1 1 1 1 1 1 1 1 1 1 1 1 1 1 1 1 1 1 1 1 1 1 1 1 1 1 1 1 1 1 1 1 1 1 1 1 1 1 1 1 1 1 1 1 1 1 1 1 1 1 1 1 1 1 1 1 1 1 1 1 1 1 1 1 1 1 1 1 1 1 1 1 1 1 1 1 1 1 1 1 1 1 1 1 1 1 1 1 1 1 1 1 1 1 1 1 1 1 1 1 1 1 1 1 1 1 1 1 1 1 1 1 1 1 1 1 1 1 1 1 1 1 1 1 1 1 1 1 1 1 1 1 1 1 1 1 1 1 1 1 1 1 1 1 1 1 1 1 1 1 1 1 1 1 1 1 1 1 1 1 1 1 1 1 1 1 1 1 1 1 1 1 1 1 1 1 1 1 1 1 1 1 1 1 1 1 1 1 1 1 1 1 1 1 1 1 1 1 1 1 1 1 1 1 1 1 1 1 1 1 1 1 1 1 1 1 1 1 1 1 1 1 1 1 1 1 1 1 1 1 1 1 1 1 1 1 1 1 1 1 1 1 1 1 1 1 1 1 1 1 1 1 1 1 1 1 1 1 1 1 1 1 1 1 1 1 1 1 1 1 1 1 1
1 1 1 1 1 1 1 1 1 1 1 1 1 1 1 1 1 1 1 1 1 1 1 1 1 1 1 1 1 1 1 1 1 1 1 1 1 1 1 1 1 1 1 1 1 1 1 1 1 1 1 1 1 1 1 1 1 1 1 1 1 1 1 1 1 1 1 1 1 1 1 1 1 1 1 1 1 1 1 1 1 1 1 1 1 1 1 1 1 1 1 1 1 1 1 1 1 1 1 1 1 1 1 1 1 1 1 1 1 1 1 1 1 1 1 1 1 1 1 1 1 1 1 1 1 1 1 1 1 1 1 1 1 1 1 1 1 1 1 1 1 1 1 1 1 1 1 1 1 1 1 1 1 1 1 1 1 1 1 1 1 1 1 1 1 1 1 1 1 1 1 1 1 1 1 1 1 1 1 1 1 1 1 1 1 1 1 1 1 1 1 1 1 1 1 1 1 1 1 1 1 1 1 1 1 1 1 1 1 1 1 1 1 1 1 1 1 1 1 1 1 1 1 1 1 1 1 1 1 1 1 1 1 1 1 1 1 1 1 1 1 1 1 1 1 1 1 1 1 1 1 1 1 1 1 1 1 1 1 1 1 1 1 1 1 1 1 1 1 1 1 1 1 1 1 1 1 1 1 1 1 1 1 1 1 1 1 1 1 1 1 1 1 1 1 1 1 1 1 1 1 1 1 1 1 1 1 1 1 1 1 1 1 1 1 1 1 1 1 1 1 1 1 1 1 1 1 1 1 1 1 1 1 1 1 1 1 1 1 1 1 1 1 1 1 1 1 1 1 1 1 1 1 1 1 1 1 1 1 1 1 1 1 1 1 1 1 1 1 1 1 1 1 1 1 1 1 1 1 1 1 1 1 1 1 1 1 1 1 1 1 1 1 1 1 1 1 1 1 1 1 1 1 1 1 1 1 1 1 1 1 1 1 1 1 1 1 1 1 1 1 1 1 1 1 1 1 1 1 1 1 1 1 1 1 1 1 1 1 1 1 1 1 1 1 1 1 1 1 1 1 1 1 1 1 1 1 1 1 1 1 1 1 1 1 1 1 1 1 1 1 1 1 1 1 1 1 1 1 1 1 1 1 1 1 1 1 1 1 1 1 1 1 1 1 1 1 1 1 1 1 1 1 1 1 1 1 1 1 1 1 1 1 1 1 1 1 1 1 1 1 1 1 1 1 1 1 1 1 1 1 1 1 1 1 1 1 1 1 1 1 1 1 1 1 1 1 1 1 1 1 1 1 1 1 1 1 1 1 1 1 1 1 1 1 1 1 1 1 1 1 1 1 1 1 1 1 1 1 1 1 1 1 1 1 1 1 1 1 1 1 1 1 1 1 1 1 1 1 1 1 1 1 1 1 1 1 1 1 1 1 1 1 1 1 1 1 1 1 1 1 1 1 1 1 1 1 1 1 1 1 1 1 1 1 1 1 1 1 1 1 1 1 1 1 1 1 1 1 1 1 1 1 1 1 1 1 1 1 1 1 1 1 1 1 1 1 1 1 1 1 1 1 1 1 1 1 1 1 1 1 1 1 1 1 1 1 1 1 1 1 1 1 1 1 1 1 1 1 1 1 1 1 1 1 1 1 1 1 1 1 1 1 1 1 1 1 1 1 1 1 1 1 1 1 1 1 1 1 1 1 1 1 1 1 1 1 1 1 1 1 1 1 1 1 1 1 1 1 1 1 1 1 1 1 1 1 1 1 1 1 1 1 1 1 1 1 1 1 1 1 1 1 1 1 1 1 1 1 1 1 1 1 1 1 1 1 1 1 1 1 1 1 1 1 1 1 1 1 1 1 1 1 1 1 1 1 1 1 1 1 1 1 1 1 1 1 1 1 1 1 1 1 1 1 1 1 1 1 1 1 1 1 1 1 1 1 1 1 1 1 1 1 1 1 1 1 1 1 1 1 1 1 1 1 1 1 1 1 1 1 1 1 1 1 1 1 1 1 1 1 1 1 1 1 1 1 1 1 1 1 1 1 1 1 1 1 1 1 1 1 1 1 1 1 1 1 1 1 1 1 1 1 1 1 1 1 1 1 1 1 1 1 1 1 1 1 1 1 1 1 1 1 1 1 1 1 1 1 1 1 1 1 1 1 1 1 1 1 1 1 1 1 1 1 1 1 1 1 1 1 1 1 1 1 1 1 1 1 1 1 1 1 1 1 1 1 1 1 1 1 1 1 1 1 1 1 1 1 1 1 1 1 1 1 1 1 1 1 1 1 1 1 1 1 1 1 1 1 1
1000 100000
799 309 906 265 708 717 570 974 124 508 368 384 784 938 760 852 321 327 553 44 739 641 797 866 687 5 540 399 471 301 609 942 171 732 368 625 545 892 414 683 261 311 563 866 893 439 652 273 640 57 464 76 663 56 998 45 717 982 979 136 659 377 630 995 327 817 229 781 234 80 465 411 613 833 668 875 318 702 507 892 518 805 787 667 265 935 253 753 550 455 28 455 839 943 79 259 872 16 963 453 289 195 930 668 702 542 879 822 695 735 280 306 444 583 533 900 730 876 185 784 62 516 124 913 344 241 334 485 477 472 580 808 545 193 23 429 350 978 509 357 419 347 606 949 106 9 509 807 116 611 138 320 523 185 326 690 279 741 861 97 386 393 438 447 252 610 903 729 184 840 598 727 94 880 386 416 904 411 1000 664 861 826 134 778 813 791 233 854 17 3 176 735 123 807 494 145 583 505 396 149 813 885 960 596 938 51 277 35 149 429 810 750 260 263 573 415 441 929 451 324 984 524 792 841 152 435 480 170 1 825 449 805 57 910 210 395 736 70 497 756 672 199 295 962 95 487 551 684 301 794 932 279 860 387 695 339 709 654 132 645 394 874 205 648 559 720 200 573 456 388 55 753 615 254 848 792 259 849 179 82 944 880 915 29 619 405 857 383 335 42 592 313 578 615 286 436 984 548 551 254 423 851 337 560 922 767 312 600 729 367 224 886 340 663 118 344 923 189 13 744 207 881 662 147 772 841 754 886 793 96 790 24 219 364 222 799 784 886 800 12 804 878 798 898 348 25 169 440 336 531 626 679 116 933 611 866 918 333 403 361 772 528 749 92 307 974 929 389 559 994 547 970 982 340 269 400 984 849 655 881 575 595 548 948 425 367 329 89 976 732 551 846 644 448 15 155 563 835 584 493 906 697 150 653 751 169 633 261 341 28 704 78 216 114 411 262 85 792 449 982 179 914 908 977 687 318 649 948 609 688 190 582 195 748 725 572 91 626 9 133 647 37 270 603 49 500 697 820 330 374 202 273 34 728 153 855 453 497 229 946 354 979 977 606 308 470 612 147 454 462 771 214 989 691 476 208 390 103 813 35 444 921 274 467 197 791 637 869 92 168 36 335 924 796 450 419 780 808 195 87 682 984 804 123 496 341 293 1 58 174 834 750 174 870 977 821 773 447 119 57 605 481 152 159 185 122 131 673 448 492 474 66 846 455 262 944 993 155 101 742 244 717 633 750 918 451 62 188 115 561 490 911 487 112 545 422 700 99 357 315 41 444 29 257 20 587 898 593 581 493 574 886 881 625 577 236 47 975 923 56 712 844 7 621 107 378 88 326 681 739 776 887 119 328 275 425 290 206 862 663 342 534 673 979 879 826 466 901 121 662 141 232 330 544 974 957 177 34 808 20 636 130 619 200 576 515 121 506 992 390 367 656 464 594 872 733 296 323 562 502 73 611 547 777 425 744 445 571 371 595 985 843 817 665 168 992 965 215 399 712 755 586 296 719 46 30 889 730 48 547 560 169 364 407 195 703 479 682 55 852 228 278 73 475 593 358 780 701 147 357 730 896 866 645 991 362 601 447 357 742 271 318 548 723 690 900 829 503 943 205 790 775 854 323 183 456 792 947 203 821 958 64 169 202 181 373 6 403 56 343 17 645 535 354 971 96 401 547 153 454 533 163 802 332 146 724 720 818 281 609 848 576 596 377 833 662 647 394 497 947 264 422 901 787 435 98 980 535 474 160 333 852 545 846 805 729 833 175 900 168 874 865 140 843 720 130 34 871 738 963 117 511 821 935 27 28 243 9 560 365 667 962 428 492 139 285 689 95 75 944 83 816 356 344 820 562 39 594 586 803 78 349 608 986 97 165 336 839 470 650 876 697 322 710 568 879 258 831 509 618 986 562 592 972 775 472 110 148 867 364 23 671 527 982 605 754 451 585 738 515 353 304 897 936 456 431 834 368 96 675 413 435 939 463 327 576 839 185 911 411 777 813 719 416 389 275 832 203 278 127 326 627 723 52 426 189 901 610 73 144 654 56 664 405 836 477 500 527 655 468 864 939 372 265 517 340 584 467 415 331 626 366 53 801 452 752 730 750 61 916 459 935 407 478 966 652 238 790 220 10 499 702 159 648 988 300 795 564 171 253 412 772 419 139 788 817 597 155 99 978 177 827 108 227 774 221 349 943 243 725 116 452 348 55 530 791 7 87 843 693 317 899 105 741 752 573 253 310 833 764 905 314 22 448 252 132 898 173 770 420
202 891 475 21 744 534 858 419 599 256 721 37 601 383 563 988 306 74 795 972 230 331 7 915 866 540 990 468 115 697 646 409 546 747 785 996 606 364 946 768 413 959 496 343 507 884 965 150 633 308 487 658 251 878 699 989 584 677 788 208 649 520 177 604 163 709 287 265 946 626 525 279 977 933 777 911 659 755 500 472 243 122 938 924 280 139 395 207 654 474 763 316 147 138 261 192 463 88 311 971 602 357 960 957 603 95 379 859 240 281 937 602 696 69 793 507 184 273 65 780 190 22 268 385 556 440 364 804 726 915 352 75 272 217 116 828 390 98 496 563 665 939 965 212 192 793 468 503 891 368 716 609 116 903 96 141 182 622 642 401 904 159 956 245 874 254 63 567 364 893 315 916 683 713 830 217 938 802 248 796 173 996 226 386 356 246 287 980 965 653 386 800 266 585 510 882 791 221 202 191 333 355 871 995 997 9 282 512 472 816 275 395 328 636 200 585 750 812 35 266 187 984 161 758 375 834 318 429 607 14 364 693 852 289 88 331 37 323 299 722 25 282 691 13 652 442 258 936 360 851 286 946 286 494 419 644 190 273 870 892 602 433 485 423 327 925 529 217 734 108 928 593 181 616 850 367 306 497 586 225 979 878 609 611 318 216 389 709 554 362 180 276 259 689 653 776 96 635 955 66 645 853 422 29 1000 46 215 340 991 244 570 259 946 1000 483 959 700 21 323 353 54 110 876 196 801 357 979 305 287 658 228 362 297 603 6 428 292 31 282 918 286 790 1000 511 607 969 916 264 820 874 961 839 767 216 513 822 977 395 902 118 479 663 518 123 916 750 618 602 261 336 146 131 608 611 956 137 597 629 900 599 716 180 568 24 85 682 319 770 408 633 782 793 358 953 884 883 446 288 315 621 170 654 803 781 252 620 295 610 539 483 353 741 873 436 70 201 933 828 629 982 930 228 849 107 383 72 481 149 789 503 580 252 177 648 619 737 885 86 575 369 453 920 633 332 329 241 852 83 970 431 302 9 603 164 189 356 578 303 844 223 130 148 569 764 681 540 681 590 390 571 444 451 286 790 997 9 189 314 578 542 405 378 88 90 951 589 105 504 790 845 53 527 694 873 298 175 877 803 976 612 853 993 285 796 768 990 806 214 523 905 572 629 821 27 367 297 586 557 998 35 427 44 884 213 216 170 926 100 237 394 313 499 278 60 183 443 369 511 908 662 442 263 374 605 987 309 342 227 398 564 871 72 419 95 419 455 349 176 385 798 784 214 474 830 787 349 673 907 961 891 168 991 774 605 851 398 403 536 735 255 968 828 147 482 511 301 532 124 157 903 92 417 617 3 124 829 647 908 164 458 586 419 404 255 733 881 599 492 982 322 250 833 402 849 313 369 430 855 595 793 117 337 17 661 542 536 667 586 345 947 303 108 782 541 932 462 281 270 161 179 550 252 1000 663 301 608 503 575 805 918 193 593 623 558 512 670 401 367 773 184 36 341 892 209 136 716 895 139 363 502 198 470 994 207 634 279 910 585 543 360 74 347 222 975 565 310 782 991 687 600 564 835 805 374 671 193 9 780 17 308 837 222 754 998 829 687 317 89 453 343 892 936 37 238 862 224 682 169 982 49 634 568 97 531 667 888 51 169 483 251 667 526 693 911 739 339 321 771 839 956 987 104 963 333 271 729 390 49 799 81 48 559 207 941 1 629 570 143 476 270 180 860 499 611 467 217 913 960 414 992 8 478 933 718 156 925 936 721 996 504 798 207 527 141 189 586 312 514 196 341 387 765 725 199 138 761 223 567 897 18 811 936 101 207 646 733 913 882 311 716 997 480 824 443 470 467 614 7 167 419 612 764 250 506 841 457 650 827 283 924 500 105 598 332 917 852 736 407 659 308 300 985 448 526 921 847 622 255 58 756 543 684 389 990 812 788 398 667 216 262 975 273 714 669 212 418 10 23 754 131 733 608 901 846 575 53 516 936 769 950 303 149 839 61 330 846 444 531 315 607 476 345 562 737 19 756 283 141 762 693 170 916 762 534 32 707 434 932 382 398 875 448 29 529 941 612 428 784 549 926 418 23 384 375 881 519 106 114 566 714 56 605 477 760 293 23 322 239 30 410 360 872 265 629 56 454 154 883 531 172 306 334 78 350 76 676 181 874 287 7 799 983 174 740 953 929 979 620 547 524 244 428 320 156 894 185 350 423 17 120 642 877 423 128 816 546 87 745 778 910 237 880 841 60 877 972 296 304 294 449
1000 100000
435 656 321 276 635 519 236 722 534 129 234 773 198 235 874 506 511 493 70 570 821 841 657 525 604 204 622 927 880 312 634 825 113 973 469 298 760 818 505 876 560 559 250 662 427 874 550 429 407 626 616 657 204 42 688 599 277 999 828 582 175 161 662 565 383 897 821 346 971 309 376 484 575 761 793 407 185 520 466 965 888 507 572 43 426 321 844 371 705 971 562 312 344 664 593 488 268 209 96 490 259 479 412 85 997 829 663 868 493 594 398 201 874 765 497 56 737 245 777 585 212 677 616 105 796 484 710 489 475 263 180 266 647 289 45 91 774 657 312 481 219 142 908 623 320 296 671 626 476 639 543 972 40 318 270 747 606 797 934 146 399 859 700 492 735 197 75 895 212 586 138 525 869 117 563 442 473 12 530 659 108 170 422 694 665 63 607 577 831 125 374 774 535 326 589 739 28 761 351 783 665 32 106 232 458 958 24 72 101 952 302 150 563 330 177 966 365 979 37 217 896 140 435 42 437 602 889 154 764 864 654 883 823 242 592 638 797 962 519 375 309 636 866 588 73 309 351 34 385 658 906 218 732 611 485 416 664 278 269 753 759 868 941 506 683 792 946 538 925 228 238 390 421 606 494 206 118 930 637 947 284 627 123 983 900 573 510 203 553 696 417 745 384 625 638 760 902 546 192 428 988 40 247 672 930 312 89 468 387 579 413 60 423 105 168 878 114 605 706 296 785 502 964 127 442 974 704 777 585 765 959 565 567 531 153 697 678 359 360 597 181 686 176 799 598 84 776 170 977 103 793 806 155 94 729 782 797 947 607 603 884 67 451 297 20 282 538 62 32 87 695 263 408 265 780 34 388 384 877 628 670 971 373 489 169 733 242 198 635 767 156 291 206 161 274 501 626 928 99 295 739 724 991 830 997 107 948 571 176 60 563 132 718 554 230 147 378 195 212 974 740 207 436 861 666 827 4 135 699 973 572 795 556 224 68 441 529 941 632 52 422 19 780 209 221 503 311 13 578 551 165 552 7 753 961 758 313 114 314 228 544 484 910 234 209 365 370 610 251 887 944 990 581 152 724 199 443 905 611 878 897 210 857 712 465 913 3 285 918 212 192 688 695 356 297 519 397 851 495 84 992 703 187 49 697 144 883 316 592 92 264 329 674 519 636 198 617 703 872 358 873 35 621 166 521 412 640 1 809 78 289 955 820 403 385 278 395 911 865 909 515 173 833 172 609 264 325 257 567 871 424 628 209 605 150 485 695 583 284 643 793 204 645 639 123 103 490 881 368 188 275 386 648 847 109 890 897 17 922 42 323 888 598 968 683 628 257 217 6 699 746 595 728 436 821 719 791 850 709 193 226 722 806 856 715 940 41 811 360 541 31 966 695 329 325 732 4 499 264 844 293 883 427 39 75 547 639 457 748 568 15 121 798 869 79 814 676 449 821 26 602 866 867 79 232 213 605 645 648 463 577 188 73 820 471 804 872 361 68 81 877 348 627 989 615 135 377 556 747 236 266 482 496 700 432 531 307 827 446 552 21 575 498 382 846 224 807 128 853 538 262 837 988 63 899 65 897 953 781 354 565 807 540 578 686 375 934 443 175 191 85 438 217 750 101 474 825 731 739 889 914 879 999 24 224 702 841 927 531 585 828 238 488 435 205 789 167 275 959 559 622 321 701 868 300 568 991 710 814 180 776 802 191 413 826 152 311 387 894 7 967 599 957 428 390 770 22 664 38 664 307 510 533 757 430 943 928 12 783 291 262 560 431 736 592 755 80 932 137 614 819 744 613 691 236 805 134 417 969 68 401 307 744 211 170 130 915 271 867 433 984 822 781 1 374 57 380 190 155 707 673 643 359 537 995 917 649 97 287 268 884 929 545 119 734 678 549 68 20 504 747 341 449 630 149 204 780 565 78 640 221 435 789 378 656 630 970 559 289 761 758 951 15 665 202 365 921 754 184 440 471 411 303 993 894 790 818 861 479 449 143 786 111 212 965 474 389 268 287 624 499 99 930 10 492 857 43 890 403 234 427 686 851 693 137 490 757 445 874 934 154 139 280 9 607 544 511 645 335 915 686 803 796 990 759 732 924 102 900 582 727 452 979 688 827 916 309 896 580 792 768 922 153 299 276 282 470 590 387 635 445 70 209 389 411 61 601 491 736 938 810 522 997 228 984 49 289 851 486 30 718 443 65 324 518 207 926 628 690 285 758 427 447 995 131 852 985 376 59 28 132 846 900 176 927 9 328 418 95 314
101 867 346 945 959 849 830 614 117 790 704 723 694 146 336 556 756 373 602 138 277 293 545 512 385 249 337 528 156 516 983 140 588 266 351 404 841 960 343 37 571 91 943 825 182 259 693 281 34 649 695 636 401 637 547 717 403 787 818 12 265 719 247 851 712 474 9 152 467 839 97 37 803 672 326 911 492 57 285 252 36 533 782 216 390 143 108 87 618 570 712 302 600 532 992 823 123 51 514 877 885 845 604 447 49 369 906 660 825 729 702 249 847 898 264 490 340 275 412 155 865 183 795 548 102 800 591 800 998 151 666 507 919 604 27 993 654 849 86 216 590 902 885 446 897 691 186 494 181 287 854 681 755 334 556 858 204 401 530 292 601 478 220 820 192 774 837 965 179 862 708 594 611 684 153 395 701 402 228 309 589 960 30 451 258 795 886 721 875 236 560 145 521 379 466 385 908 192 134 750 698 986 945 531 656 39 775 166 454 50 239 74 814 911 671 25 267 787 123 617 489 572 612 551 598 351 178 931 898 889 932 282 936 587 527 936 969 680 357 576 392 57 417 118 272 20 392 321 989 707 219 371 380 516 449 908 958 8 709 393 70 427 327 774 652 601 159 839 190 354 76 536 656 810 204 156 69 840 753 355 812 397 592 215 597 17 228 393 518 375 530 740 583 140 255 305 970 447 921 350 281 308 25 540 348 283 915 644 793 532 596 322 374 866 916 820 134 890 734 470 846 531 986 996 161 229 751 820 941 110 365 813 505 570 60 110 956 977 822 422 421 541 10 494 591 593 673 541 496 544 281 938 294 228 142 871 131 343 142 882 206 744 489 136 227 181 709 16 120 957 877 354 954 113 146 931 403 240 595 61 45 865 49 668 120 409 721 958 646 227 45 251 950 280 60 442 439 671 469 148 678 116 246 283 213 899 259 57 588 343 327 234 255 960 792 163 616 959 335 500 967 254 243 359 525 891 809 428 214 762 391 685 602 364 785 777 73 994 182 745 85 470 814 540 95 742 245 305 985 263 804 273 173 231 82 289 668 218 314 266 302 397 605 495 63 94 326 863 455 292 631 986 687 480 806 919 982 551 54 655 869 903 580 933 608 621 175 56 170 756 472 865 777 297 931 356 953 697 291 225 793 817 774 44 520 456 309 266 68 186 945 478 75 731 830 117 89 168 351 761 599 814 890 860 110 722 958 731 471 653 907 324 31 422 892 389 312 444 802 115 590 152 87 619 189 909 936 681 848 91 18 95 882 28 419 667 640 170 581 191 686 839 499 574 76 263 982 371 785 611 222 565 370 479 67 600 272 590 328 508 701 296 461 235 573 821 635 555 575 648 606 762 729 777 218 821 583 575 359 478 396 410 844 778 59 125 83 729 449 61 550 929 992 854 779 355 246 645 938 932 119 732 265 684 680 633 767 119 889 677 944 939 29 628 811 171 314 404 165 348 983 128 901 52 335 487 640 33 314 389 219 332 486 317 374 551 747 657 123 353 852 674 647 135 605 997 782 656 273 335 748 375 831 395 476 892 871 483 286 192 479 137 675 83 735 65 759 294 355 747 351 922 619 861 850 695 775 112 291 739 95 900 281 699 448 575 382 364 257 998 266 479 169 39 922 816 747 456 479 13 70 736 512 432 979 502 346 592 445 157 113 655 290 508 440 870 650 563 726 371 493 933 382 904 120 686 374 135 239 475 494 609 882 355 103 334 450 537 68 235 202 497 608 381 897 702 857 428 707 157 930 769 781 579 972 98 121 991 499 714 478 191 480 974 243 724 794 192 984 534 378 605 622 243 884 242 44 46 938 947 961 790 294 475 244 723 564 462 409 173 607 702 931 234 311 682 189 988 696 838 706 866 300 313 820 408 217 983 194 215 834 501 462 802 598 891 67 196 430 154 807 837 947 187 944 829 599 555 183 508 826 107 670 822 889 37 9 275 807 706 279 587 898 458 362 360 925 853 447 962 121 379 808 627 282 260 520 623 756 192 23 649 211 253 954 382 592 245 335 119 279 52 524 848 587 227 274 371 171 613 725 844 539 547 978 704 592 990 103 611 160 905 754 596 505 216 708 677 75 326 870 921 170 569 352 331 8 478 189 688 813 370 857 865 745 834 697 371 985 690 313 753 772 805 985 487 657 980 458 299 421 53 514 901 900 525 412 202 984 579 377 795 173 784 411 359 574 571 455 353 627 944 569 536 532 801 370 651 436 583 252 870 285 743 674 632 463 890 652 493 848 496 676 330 937 708 850 168 108 432
1000 100000
1000 1000 1000 1000 1000 1000 1000 1000 1000 1000 1000 1000 1000 1000 1000 1000 1000 1000 1000 1000 1000 1000 1000 1000 1000 1000 1000 1000 1000 1000 1000 1000 1000 1000 1000 1000 1000 1000 1000 1000 1000 1000 1000 1000 1000 1000 1000 1000 1000 1000 1000 1000 1000 1000 1000 1000 1000 1000 1000 1000 1000 1000 1000 1000 1000 1000 1000 1000 1000 1000 1000 1000 1000 1000 1000 1000 1000 1000 1000 1000 1000 1000 1000 1000 1000 1000 1000 1000 1000 1000 1000 1000 1000 1000 1000 1000 1000 1000 1000 1000 1000 1000 1000 1000 1000 1000 1000 1000 1000 1000 1000 1000 1000 1000 1000 1000 1000 1000 1000 1000 1000 1000 1000 1000 1000 1000 1000 1000 1000 1000 1000 1000 1000 1000 1000 1000 1000 1000 1000 1000 1000 1000 1000 1000 1000 1000 1000 1000 1000 1000 1000 1000 1000 1000 1000 1000 1000 1000 1000 1000 1000 1000 1000 1000 1000 1000 1000 1000 1000 1000 1000 1000 1000 1000 1000 1000 1000 1000 1000 1000 1000 1000 1000 1000 1000 1000 1000 1000 1000 1000 1000 1000 1000 1000 1000 1000 1000 1000 1000 1000 1000 1000 1000 1000 1000 1000 1000 1000 1000 1000 1000 1000 1000 1000 1000 1000 1000 1000 1000 1000 1000 1000 1000 1000 1000 1000 1000 1000 1000 1000 1000 1000 1000 1000 1000 1000 1000 1000 1000 1000 1000 1000 1000 1000 1000 1000 1000 1000 1000 1000 1000 1000 1000 1000 1000 1000 1000 1000 1000 1000 1000 1000 1000 1000 1000 1000 1000 1000 1000 1000 1000 1000 1000 1000 1000 1000 1000 1000 1000 1000 1000 1000 1000 1000 1000 1000 1000 1000 1000 1000 1000 1000 1000 1000 1000 1000 1000 1000 1000 1000 1000 1000 1000 1000 1000 1000 1000 1000 1000 1000 1000 1000 1000 1000 1000 1000 1000 1000 1000 1000 1000 1000 1000 1000 1000 1000 1000 1000 1000 1000 1000 1000 1000 1000 1000 1000 1000 1000 1000 1000 1000 1000 1000 1000 1000 1000 1000 1000 1000 1000 1000 1000 1000 1000 1000 1000 1000 1000 1000 1000 1000 1000 1000 1000 1000 1000 1000 1000 1000 1000 1000 1000 1000 1000 1000 1000 1000 1000 1000 1000 1000 1000 1000 1000 1000 1000 1000 1000 1000 1000 1000 1000 1000 1000 1000 1000 1000 1000 1000 1000 1000 1000 1000 1000 1000 1000 1000 1000 1000 1000 1000 1000 1000 1000 1000 1000 1000 1000 1000 1000 1000 1000 1000 1000 1000 1000 1000 1000 1000 1000 1000 1000 1000 1000 1000 1000 1000 1000 1000 1000 1000 1000 1000 1000 1000 1000 1000 1000 1000 1000 1000 1000 1000 1000 1000 1000 1000 1000 1000 1000 1000 1000 1000 1000 1000 1000 1000 1000 1000 1000 1000 1000 1000 1000 1000 1000 1000 1000 1000 1000 1000 1000 1000 1000 1000 1000 1000 1000 1000 1000 1000 1000 1000 1000 1000 1000 1000 1000 1000 1000 1000 1000 1000 1000 1000 1000 1000 1000 1000 1000 1000 1000 1000 1000 1000 1000 1000 1000 1000 1000 1000 1000 1000 1000 1000 1000 1000 1000 1000 1000 1000 1000 1000 1000 1000 1000 1000 1000 1000 1000 1000 1000 1000 1000 1000 1000 1000 1000 1000 1000 1000 1000 1000 1000 1000 1000 1000 1000 1000 1000 1000 1000 1000 1000 1000 1000 1000 1000 1000 1000 1000 1000 1000 1000 1000 1000 1000 1000 1000 1000 1000 1000 1000 1000 1000 1000 1000 1000 1000 1000 1000 1000 1000 1000 1000 1000 1000 1000 1000 1000 1000 1000 1000 1000 1000 1000 1000 1000 1000 1000 1000 1000 1000 1000 1000 1000 1000 1000 1000 1000 1000 1000 1000 1000 1000 1000 1000 1000 1000 1000 1000 1000 1000 1000 1000 1000 1000 1000 1000 1000 1000 1000 1000 1000 1000 1000 1000 1000 1000 1000 1000 1000 1000 1000 1000 1000 1000 1000 1000 1000 1000 1000 1000 1000 1000 1000 1000 1000 1000 1000 1000 1000 1000 1000 1000 1000 1000 1000 1000 1000 1000 1000 1000 1000 1000 1000 1000 1000 1000 1000 1000 1000 1000 1000 1000 1000 1000 1000 1000 1000 1000 1000 1000 1000 1000 1000 1000 1000 1000 1000 1000 1000 1000 1000 1000 1000 1000 1000 1000 1000 1000 1000 1000 1000 1000 1000 1000 1000 1000 1000 1000 1000 1000 1000 1000 1000 1000 1000 1000 1000 1000 1000 1000 1000 1000 1000 1000 1000 1000 1000 1000 1000 1000 1000 1000 1000 1000 1000 1000 1000 1000 1000 1000 1000 1000 1000 1000 1000 1000 1000 1000 1000 1000 1000 1000 1000 1000 1000 1000 1000 1000 1000 1000 1000 1000 1000 1000 1000 1000 1000 1000 1000 1000 1000 1000 1000 1000 1000 1000 1000 1000 1000 1000 1000 1000 1000 1000 1000 1000 1000 1000 1000 1000 1000 1000 1000 1000 1000 1000 1000 1000 1000 1000 1000 1000 1000 1000 1000 1000 1000 1000 1000 1000 1000 1000 1000 1000 1000 1000 1000 1000 1000 1000 1000 1000 1000 1000 1000 1000 1000 1000 1000 1000 1000 1000 1000 1000 1000 1000 1000 1000 1000 1000 1000 1000 1000 1000 1000 1000 1000 1000 1000 1000 1000 1000 1000 1000 1000 1000 1000 1000 1000 1000 1000 1000 1000 1000 1000 1000 1000 1000 1000 1000 1000 1000 1000 1000 1000 1000 1000 1000 1000 1000 1000 1000 1000 1000 1000 1000 1000 1000 1000 1000 1000 1000 1000 1000 1000 1000 1000 1000 1000 1000 1000 1000 1000 1000 1000 1000 1000 1000 1000 1000 1000 1000 1000 1000 1000 1000 1000 1000 1000 1000 1000 1000 1000 1000 1000 1000 1000 1000 1000 1000 1000 1000 1000 1000 1000 1000 1000 1000 1000 1000 1000 1000 1000 1000 1000 1000 1000 1000 1000 1000 1000 1000 1000 1000 1000 1000 1000 1000 1000 1000 1000 1000 1000 1000 1000 1000 1000 1000 1000 1000 1000 1000 1000 1000 1000 1000 1000
1000 1000 1000 1000 1000 1000 1000 1000 1000 1000 1000 1000 1000 1000 1000 1000 1000 1000 1000 1000 1000 1000 1000 1000 1000 1000 1000 1000 1000 1000 1000 1000 1000 1000 1000 1000 1000 1000 1000 1000 1000 1000 1000 1000 1000 1000 1000 1000 1000 1000 1000 1000 1000 1000 1000 1000 1000 1000 1000 1000 1000 1000 1000 1000 1000 1000 1000 1000 1000 1000 1000 1000 1000 1000 1000 1000 1000 1000 1000 1000 1000 1000 1000 1000 1000 1000 1000 1000 1000 1000 1000 1000 1000 1000 1000 1000 1000 1000 1000 1000 1000 1000 1000 1000 1000 1000 1000 1000 1000 1000 1000 1000 1000 1000 1000 1000 1000 1000 1000 1000 1000 1000 1000 1000 1000 1000 1000 1000 1000 1000 1000 1000 1000 1000 1000 1000 1000 1000 1000 1000 1000 1000 1000 1000 1000 1000 1000 1000 1000 1000 1000 1000 1000 1000 1000 1000 1000 1000 1000 1000 1000 1000 1000 1000 1000 1000 1000 1000 1000 1000 1000 1000 1000 1000 1000 1000 1000 1000 1000 1000 1000 1000 1000 1000 1000 1000 1000 1000 1000 1000 1000 1000 1000 1000 1000 1000 1000 1000 1000 1000 1000 1000 1000 1000 1000 1000 1000 1000 1000 1000 1000 1000 1000 1000 1000 1000 1000 1000 1000 1000 1000 1000 1000 1000 1000 1000 1000 1000 1000 1000 1000 1000 1000 1000 1000 1000 1000 1000 1000 1000 1000 1000 1000 1000 1000 1000 1000 1000 1000 1000 1000 1000 1000 1000 1000 1000 1000 1000 1000 1000 1000 1000 1000 1000 1000 1000 1000 1000 1000 1000 1000 1000 1000 1000 1000 1000 1000 1000 1000 1000 1000 1000 1000 1000 1000 1000 1000 1000 1000 1000 1000 1000 1000 1000 1000 1000 1000 1000 1000 1000 1000 1000 1000 1000 1000 1000 1000 1000 1000 1000 1000 1000 1000 1000 1000 1000 1000 1000 1000 1000 1000 1000 1000 1000 1000 1000 1000 1000 1000 1000 1000 1000 1000 1000 1000 1000 1000 1000 1000 1000 1000 1000 1000 1000 1000 1000 1000 1000 1000 1000 1000 1000 1000 1000 1000 1000 1000 1000 1000 1000 1000 1000 1000 1000 1000 1000 1000 1000 1000 1000 1000 1000 1000 1000 1000 1000 1000 1000 1000 1000 1000 1000 1000 1000 1000 1000 1000 1000 1000 1000 1000 1000 1000 1000 1000 1000 1000 1000 1000 1000 1000 1000 1000 1000 1000 1000 1000 1000 1000 1000 1000 1000 1000 1000 1000 1000 1000 1000 1000 1000 1000 1000 1000 1000 1000 1000 1000 1000 1000 1000 1000 1000 1000 1000 1000 1000 1000 1000 1000 1000 1000 1000 1000 1000 1000 1000 1000 1000 1000 1000 1000 1000 1000 1000 1000 1000 1000 1000 1000 1000 1000 1000 1000 1000 1000 1000 1000 1000 1000 1000 1000 1000 1000 1000 1000 1000 1000 1000 1000 1000 1000 1000 1000 1000 1000 1000 1000 1000 1000 1000 1000 1000 1000 1000 1000 1000 1000 1000 1000 1000 1000 1000 1000 1000 1000 1000 1000 1000 1000 1000 1000 1000 1000 1000 1000 1000 1000 1000 1000 1000 1000 1000 1000 1000 1000 1000 1000 1000 1000 1000 1000 1000 1000 1000 1000 1000 1000 1000 1000 1000 1000 1000 1000 1000 1000 1000 1000 1000 1000 1000 1000 1000 1000 1000 1000 1000 1000 1000 1000 1000 1000 1000 1000 1000 1000 1000 1000 1000 1000 1000 1000 1000 1000 1000 1000 1000 1000 1000 1000 1000 1000 1000 1000 1000 1000 1000 1000 1000 1000 1000 1000 1000 1000 1000 1000 1000 1000 1000 1000 1000 1000 1000 1000 1000 1000 1000 1000 1000 1000 1000 1000 1000 1000 1000 1000 1000 1000 1000 1000 1000 1000 1000 1000 1000 1000 1000 1000 1000 1000 1000 1000 1000 1000 1000 1000 1000 1000 1000 1000 1000 1000 1000 1000 1000 1000 1000 1000 1000 1000 1000 1000 1000 1000 1000 1000 1000 1000 1000 1000 1000 1000 1000 1000 1000 1000 1000 1000 1000 1000 1000 1000 1000 1000 1000 1000 1000 1000 1000 1000 1000 1000 1000 1000 1000 1000 1000 1000 1000 1000 1000 1000 1000 1000 1000 1000 1000 1000 1000 1000 1000 1000 1000 1000 1000 1000 1000 1000 1000 1000 1000 1000 1000 1000 1000 1000 1000 1000 1000 1000 1000 1000 1000 1000 1000 1000 1000 1000 1000 1000 1000 1000 1000 1000 1000 1000 1000 1000 1000 1000 1000 1000 1000 1000 1000 1000 1000 1000 1000 1000 1000 1000 1000 1000 1000 1000 1000 1000 1000 1000 1000 1000 1000 1000 1000 1000 1000 1000 1000 1000 1000 1000 1000 1000 1000 1000 1000 1000 1000 1000 1000 1000 1000 1000 1000 1000 1000 1000 1000 1000 1000 1000 1000 1000 1000 1000 1000 1000 1000 1000 1000 1000 1000 1000 1000 1000 1000 1000 1000 1000 1000 1000 1000 1000 1000 1000 1000 1000 1000 1000 1000 1000 1000 1000 1000 1000 1000 1000 1000 1000 1000 1000 1000 1000 1000 1000 1000 1000 1000 1000 1000 1000 1000 1000 1000 1000 1000 1000 1000 1000 1000 1000 1000 1000 1000 1000 1000 1000 1000 1000 1000 1000 1000 1000 1000 1000 1000 1000 1000 1000 1000 1000 1000 1000 1000 1000 1000 1000 1000 1000 1000 1000 1000 1000 1000 1000 1000 1000 1000 1000 1000 1000 1000 1000 1000 1000 1000 1000 1000 1000 1000 1000 1000 1000 1000 1000 1000 1000 1000 1000 1000 1000 1000 1000 1000 1000 1000 1000 1000 1000 1000 1000 1000 1000 1000 1000 1000 1000 1000 1000 1000 1000 1000 1000 1000 1000 1000 1000 1000 1000 1000 1000 1000 1000 1000 1000 1000 1000 1000 1000 1000 1000 1000 1000 1000 1000 1000 1000 1000 1000 1000 1000 1000 1000 1000 1000 1000 1000 1000 1000 1000 1000 1000 1000 1000 1000 1000 1000 1000 1000 1000 1000 1000 1000 1000 1000 1000 1000 1000 1000 1000 1000 1000 1000 1000 1000 1000 1000 1000 1000 1000
1000 1000
2 2 1 2 1 2 2 2 2 1 1 1 1 2 1 2 1 2 2 1 2 2 1 2 2 1 1 2 2 1 1 2 2 2 1 2 1 1 2 2 1 2 2 2 1 1 2 1 2 2 1 2 1 2 1 1 1 2 1 1 2 2 2 1 2 1 1 1 1 2 1 2 1 2 1 1 2 1 2 2 1 2 1 2 1 2 2 2 2 1 1 2 2 2 1 2 1 1 2 1 1 1 1 2 2 1 1 1 2 1 2 1 1 2 1 1 2 2 1 1 2 1 1 1 1 2 2 1 2 1 1 1 2 1 1 2 1 1 2 1 1 1 2 1 1 1 2 2 2 2 2 2 1 2 2 2 1 1 2 2 2 1 2 1 1 2 2 1 2 2 2 2 2 2 2 2 2 2 1 1 1 1 1 2 2 1 2 2 1 1 1 1 2 2 2 2 2 1 2 2 2 2 1 2 2 2 1 2 1 2 1 2 1 1 2 1 2 1 1 2 2 1 1 1 1 1 2 1 1 2 1 2 1 1 2 2 1 1 1 1 1 2 1 2 1 1 2 1 2 2 1 1 1 2 1 1 2 1 1 1 1 2 2 1 1 2 2 1 1 1 2 1 1 2 2 2 2 1 2 1 2 2 2 2 1 2 2 2 1 1 2 1 2 1 1 1 1 2 2 2 2 1 2 2 1 1 1 1 2 2 2 1 1 1 2 2 1 2 1 2 1 1 2 2 1 2 2 2 1 1 1 1 2 1 2 1 1 1 2 2 1 1 2 1 2 2 1 1 1 2 1 1 1 2 1 2 1 1 2 2 2 2 2 1 2 1 2 2 1 1 2 2 1 2 1 1 1 2 1 1 2 2 2 2 1 1 1 2 1 2 1 2 1 2 2 1 2 2 2 1 1 2 2 2 1 1 1 1 1 1 1 1 2 1 2 1 2 1 2 1 1 1 2 2 1 1 1 2 1 2 2 2 2 2 2 1 2 2 1 1 1 2 2 1 1 2 1 1 1 2 2 2 1 2 1 1 2 2 1 2 2 2 2 1 2 1 1 2 2 1 1 1 1 2 1 2 1 2 1 1 1 1 2 1 2 1 2 2 1 1 2 1 1 2 1 1 2 1 1 2 1 1 1 1 2 1 2 2 1 1 2 2 1 1 1 2 2 2 2 1 1 2 2 2 2 2 1 1 1 1 2 1 1 1 1 1 2 1 2 1 2 2 2 2 2 1 2 1 1 2 2 2 2 2 2 1 2 1 1 1 2 2 2 2 2 1 2 2 2 1 2 1 1 1 1 2 1 2 2 1 2 1 2 1 2 1 2 2 1 2 2 2 1 2 1 1 2 1 1 1 2 1 1 1 2 1 2 2 2 1 2 1 1 1 2 2 1 2 1 2 1 2 1 1 1 2 2 1 2 1 1 2 1 1 2 1 1 2 2 2 1 1 2 1 2 1 2 2 1 1 1 2 2 1 1 1 2 2 2 2 2 1 2 1 2 2 1 2 1 1 2 2 2 1 2 1 2 1 1 1 1 1 2 2 1 2 2 2 1 2 2 1 1 1 2 1 2 2 1 1 2 1 2 2 1 1 2 2 2 1 2 2 1 1 2 2 2 2 2 2 1 2 1 2 1 1 1 1 2 1 1 1 1 2 2 1 1 1 2 2 1 2 1 1 1 2 2 1 1 1 2 1 1 1 2 2 2 2 1 1 1 2 2 2 2 2 1 1 1 2 2 2 2 1 1 2 1 2 1 2 2 2 2 2 2 1 1 2 2 1 1 1 2 2 1 2 2 2 2 2 2 2 2 2 2 1 1 2 1 2 2 2 1 1 1 1 1 2 1 1 2 2 1 2 1 2 1 1 2 2 1 2 2 1 1 2 1 1 1 2 1 1 2 2 2 2 2 2 2 2 1 2 1 1 1 2 1 2 2 1 2 1 2 2 2 2 1 2 1 2 1 1 1 2 2 2 2 2 2 1 1 2 1 2 2 2 1 1 2 2 2 1 2 2 2 1 1 2 1 1 1 2 2 1 1 2 2 1 1 2 1 2 2 2 1 2 2 2 2 2 2 2 1 2 2 1 1 1 2 1 2 2 2 2 2 2 2 1 1 1 1 1 1 1 1 2 2 1 1 1 2 1 2 2 2 2 1 1 2 1 2 1 1 2 2 2 2 1 1 1 2 2 1 2 1 2 2 1 2 1 1 1 1 1 1 1 2 1 1 2 1 1 1 1 2 2 1 2 1 2
1 1 1 1 1 1 1 1 1 1 1 1 1 1 1 1 1 1 1 1 1 1 1 1 1 1 1 1 1 1 1 1 1 1 1 1 1 1 1 1 1 1 1 1 1 1 1 1 1 1 1 1 1 1 1 1 1 1 1 1 1 1 1 1 1 1 1 1 1 1 1 1 1 1 1 1 1 1 1 1 1 1 1 1 1 1 1 1 1 1 1 1 1 1 1 1 1 1 1 1 1 1 1 1 1 1 1 1 1 1 1 1 1 1 1 1 1 1 1 1 1 1 1 1 1 1 1 1 1 1 1 1 1 1 1 1 1 1 1 1 1 1 1 1 1 1 1 1 1 1 1 1 1 1 1 1 1 1 1 1 1 1 1 1 1 1 1 1 1 1 1 1 1 1 1 1 1 1 1 1 1 1 1 1 1 1 1 1 1 1 1 1 1 1 1 1 1 1 1 1 1 1 1 1 1 1 1 1 1 1 1 1 1 1 1 1 1 1 1 1 1 1 1 1 1 1 1 1 1 1 1 1 1 1 1 1 1 1 1 1 1 1 1 1 1 1 1 1 1 1 1 1 1 1 1 1 1 1 1 1 1 1 1 1 1 1 1 1 1 1 1 1 1 1 1 1 1 1 1 1 1 1 1 1 1 1 1 1 1 1 1 1 1 1 1 1 1 1 1 1 1 1 1 1 1 1 1 1 1 1 1 1 1 1 1 1 1 1 1 1 1 1 1 1 1 1 1 1 1 1 1 1 1 1 1 1 1 1 1 1 1 1 1 1 1 1 1 1 1 1 1 1 1 1 1 1 1 1 1 1 1 1 1 1 1 1 1 1 1 1 1 1 1 1 1 1 1 1 1 1 1 1 1 1 1 1 1 1 1 1 1 1 1 1 1 1 1 1 1 1 1 1 1 1 1 1 1 1 1 1 1 1 1 1 1 1 1 1 1 1 1 1 1 1 1 1 1 1 1 1 1 1 1 1 1 1 1 1 1 1 1 1 1 1 1 1 1 1 1 1 1 1 1 1 1 1 1 1 1 1 1 1 1 1 1 1 1 1 1 1 1 1 1 1 1 1 1 1 1 1 1 1 1 1 1 1 1 1 1 1 1 1 1 1 1 1 1 1 1 1 1 1 1 1 1 1 1 1 1 1 1 1 1 1 1 1 1 1 1 1 1 1 1 1 1 1 1 1 1 1 1 1 1 1 1 1 1 1 1 1 1 1 1 1 1 1 1 1 1 1 1 1 1 1 1 1 1 1 1 1 1 1 1 1 1 1 1 1 1 1 1 1 1 1 1 1 1 1 1 1 1 1 1 1 1 1 1 1 1 1 1 1 1 1 1 1 1 1 1 1 1 1 1 1 1 1 1 1 1 1 1 1 1 1 1 1 1 1 1 1 1 1 1 1 1 1 1 1 1 1 1 1 1 1 1 1 1 1 1 1 1 1 1 1 1 1 1 1 1 1 1 1 1 1 1 1 1 1 1 1 1 1 1 1 1 1 1 1 1 1 1 1 1 1 1 1 1 1 1 1 1 1 1 1 1 1 1 1 1 1 1 1 1 1 1 1 1 1 1 1 1 1 1 1 1 1 1 1 1 1 1 1 1 1 1 1 1 1 1 1 1 1 1 1 1 1 1 1 1 1 1 1 1 1 1 1 1 1 1 1 1 1 1 1 1 1 1 1 1 1 1 1 1 1 1 1 1 1 1 1 1 1 1 1 1 1 1 1 1 1 1 1 1 1 1 1 1 1 1 1 1 1 1 1 1 1 1 1 1 1 1 1 1 1 1 1 1 1 1 1 1 1 1 1 1 1 1 1 1 1 1 1 1 1 1 1 1 1 1 1 1 1 1 1 1 1 1 1 1 1 1 1 1 1 1 1 1 1 1 1 1 1 1 1 1 1 1 1 1 1 1 1 1 1 1 1 1 1 1 1 1 1 1 1 1 1 1 1 1 1 1 1 1 1 1 1 1 1 1 1 1 1 1 1 1 1 1 1 1 1 1 1 1 1 1 1 1 1 1 1 1 1 1 1 1 1 1 1 1 1 1 1 1 1 1 1 1 1 1 1 1 1 1 1 1 1 1 1 1 1 1 1 1 1 1 1 1 1 1 1 1 1 1 1 1 1 1 1 1 1 1 1 1 1 1 1 1 1 1 1 1 1 1 1 1 1 1 1 1 1 1 1 1 1 1 1 1 1 1 1 1 1 1 1 1 1 1 1 1 1 1 1 1 1 1 1 1 1 1 1