10

5
0 1 1 0 0
1 0 1 1 0
1 1 0 0 0 
0 1 0 0 1
0 0 0 1 0

5
1 1 1 1 1
0 0 0 0 0
1 0 1 0 1
1 1 1 0 0
0 1 0 1 0

3
0 0 1
0 0 1
1 1 0 

14
1 0 1 1 1 1 1 0 0 0 0 0 0 0 
1 0 1 0 1 1 0 1 1 0 1 1 0 0 
1 0 1 0 1 0 0 0 1 0 0 1 0 0 
1 0 0 0 1 0 1 1 0 0 0 0 0 0 
1 1 0 1 1 1 1 1 1 1 1 1 0 1 
0 1 1 1 0 0 1 0 0 1 1 1 1 1 
1 0 1 1 0 1 0 0 1 1 1 0 0 0 
0 0 1 1 1 0 1 0 1 0 0 1 1 1 
0 0 0 0 1 1 1 0 1 0 0 0 1 0 
1 1 1 0 1 1 1 0 0 0 0 0 0 0 
0 0 0 0 1 0 1 1 1 1 1 0 1 1 
0 1 0 1 0 1 0 1 0 0 0 1 1 0 
1 1 1 1 0 1 0 1 1 0 1 0 0 1 
1 1 1 0 0 1 0 1 0 0 0 1 0 0 

14
0 1 0 0 1 0 0 1 1 0 1 1 1 0 
0 1 0 0 0 0 0 0 1 0 1 1 1 1 
1 1 1 0 0 1 0 0 1 1 1 1 1 0 
1 0 1 0 0 1 1 0 1 1 1 0 1 1 
1 1 0 0 0 1 1 1 0 1 1 0 0 0 
0 1 1 0 0 1 1 1 0 0 0 1 0 0 
0 0 1 0 1 0 1 1 0 0 1 1 0 1 
0 0 1 0 1 1 0 0 1 0 0 1 0 1 
1 0 0 0 0 1 0 0 0 0 1 0 0 0 
0 1 1 0 1 1 0 1 1 0 1 0 1 0 
0 0 0 0 1 1 1 0 0 1 0 1 1 1 
0 1 1 1 0 0 0 1 0 1 1 0 1 0 
0 1 1 1 0 0 1 0 1 1 1 1 0 0 
1 0 1 0 0 1 1 1 1 1 1 0 0 1 

7
0 1 0 0 1 0 1 
1 0 1 1 0 0 1 
0 0 0 0 1 0 1 
0 0 0 1 0 0 0 
0 1 1 1 1 1 1 
0 1 0 1 1 1 0 
0 0 1 1 0 0 1 

0

14
0 1 0 0 1 1 1 1 0 1 1 0 0 1 
1 1 0 1 1 0 1 1 1 0 1 0 1 0 
0 1 1 0 1 1 0 0 0 1 0 0 0 1 
0 1 1 1 0 1 0 0 0 0 1 1 1 1 
1 1 0 0 0 0 0 1 1 1 1 0 1 0 
1 0 1 0 1 1 0 0 0 1 1 0 0 1 
0 1 0 1 0 0 0 1 1 1 0 1 0 1 
0 1 0 1 1 1 0 0 1 1 1 0 1 0 
0 0 0 0 1 1 0 1 0 1 0 0 0 0 
0 0 0 1 1 0 0 1 1 1 1 1 0 0 
1 0 0 0 0 0 0 1 0 1 0 1 1 0 
0 0 0 0 0 1 1 1 0 0 1 1 0 0 
0 1 0 1 1 0 1 0 1 1 0 1 0 0 
0 0 1 1 0 0 1 1 1 0 1 0 1 0 

15
1 1 1 0 1 1 0 0 0 1 1 0 1 0 0 
1 0 0 1 0 1 1 1 0 0 1 0 1 0 0 
0 0 1 1 0 0 1 0 0 0 0 0 1 0 1 
0 0 0 0 0 1 1 0 1 0 1 1 0 1 0 
1 1 1 0 0 1 0 0 0 1 0 1 0 0 1 
1 1 0 0 0 1 1 1 1 0 0 0 0 1 1 
0 1 1 0 1 0 0 0 1 1 1 0 1 0 0 
0 1 0 1 0 1 1 1 0 0 1 1 1 0 1 
0 0 0 0 0 1 0 0 0 1 0 0 1 0 0 
0 0 0 0 1 1 1 1 0 1 1 1 1 1 0 
0 1 1 1 0 1 0 0 1 0 1 0 0 1 1 
0 0 0 1 1 0 1 1 0 0 0 0 0 1 1 
0 1 1 0 0 1 1 1 1 1 1 0 0 1 0 
1 1 0 0 0 1 1 0 1 1 1 1 1 1 1 
0 0 0 1 0 0 0 0 1 1 1 1 1 0 0 

16
1 1 1 0 1 0 1 0 1 1 1 0 0 0 1 1 
1 1 1 1 0 0 1 0 1 0 0 1 0 0 1 1 
0 1 1 1 0 0 0 1 0 1 0 0 0 0 0 1 
1 0 0 1 0 1 1 0 1 0 1 1 0 0 0 0 
0 0 0 1 1 0 1 0 0 0 0 1 0 1 1 1 
1 0 1 1 1 1 0 0 0 0 0 1 1 0 1 0 
1 1 0 0 1 0 1 0 0 1 1 1 1 0 0 1 
0 0 0 0 0 1 0 1 0 1 1 0 0 1 1 1 
0 0 1 0 1 0 0 1 1 1 1 1 0 0 1 1 
1 0 1 0 1 0 0 1 0 1 0 0 1 0 0 1 
1 1 1 0 0 0 1 1 1 1 0 1 1 1 0 1 
1 1 0 1 1 0 1 0 1 0 1 1 1 0 1 0 
0 1 0 1 1 0 1 1 1 1 0 1 1 1 1 0 
0 0 1 1 0 1 1 1 1 1 0 1 1 1 1 0 
0 1 0 1 0 1 0 1 0 1 1 0 0 1 0 1 
1 1 0 1 0 0 1 0 1 1 1 1 1 1 0 1 

